
[ 5.12447515  0.92628492 -0.37682389  0.50904854  0.86073781  0.35960489
 -0.93310467  0.35019252 -0.93667775 -0.98222794 -6.7958488   0.43805826
  1.97243645  6.52396131]
[-7.06741668e+02  4.16645563e-01 -9.09069015e-01  8.40671589e-01
  5.41545269e-01  6.38335202e-01  7.69758514e-01  8.84422426e-01
  4.66687231e-01 -2.40594465e+02  4.55943678e+02 -1.08731469e+03
 -1.04159201e+03 -2.04372699e+02]
[-1.71478839e+04  2.62168258e-02  9.99656280e-01  1.28680797e-01
 -9.91686065e-01  9.32262476e-01 -3.61782637e-01  2.92907470e-01
 -9.56140792e-01 -1.00876093e+04 -1.96420283e+04 -3.24927347e+03
  1.41857064e+04 -1.71747530e+04]
[ 1.82039672  0.70255743  0.71162705  0.69076964 -0.7230749   0.85889224
  0.51215634  0.99855488  0.05374147 -0.5899836   1.11571564  0.90561929
  1.70381416  0.36286862]
[ 3.12277796e+03  3.03865873e-01  9.52714822e-01  4.01895494e-01
  9.15685542e-01  7.43427238e-01  6.68816822e-01  9.10602797e-01
  4.13282647e-01  5.18483851e+03 -1.47235410e+03  1.06068396e+03
  4.44220737e+03  5.77124438e+03]
[ 8.06325835e+03  7.58642993e-01 -6.51506569e-01  9.21055159e-01
 -3.89432142e-01  3.66501634e-01  9.30417408e-01  6.38152688e-02
  9.97961728e-01  1.58167839e+04  1.64600998e+04 -1.29837975e+04
  1.26226913e+04 -1.60660096e+04]
[ 2.89853788  0.90338446 -0.42883157  0.73107459  0.68229755  0.94682488
 -0.32174935  0.53554542 -0.84450642  0.10906425 -2.32097212  0.27438983
  0.5375853   2.4466513 ]
[-3.11775647  0.83383711  0.55201057  0.16616967 -0.98609718  0.17948172
 -0.98376131  0.79735818 -0.60350637  1.11254493 -0.02328541 -4.348434
 -5.9430789  -1.70160534]
[-1.27552003  0.54705457  0.83709695  0.99774288  0.0671502   0.74736331
 -0.66441559  0.85681971  0.51561612 -1.05191992 -2.01821866 -0.26162676
  1.23783981 -1.76428492]
[-4.76107189  0.6560148   0.75474803  0.1814157  -0.9834065   0.99886529
  0.04762497  0.81369269  0.58129529  3.74703243  1.67440322  1.12721142
  1.30407755  1.72550322]
[-1.06907146e+04  3.55504655e-01 -9.34674510e-01  9.01101989e-01
 -4.33607201e-01  6.27770582e-01  7.78398418e-01  9.12211790e-01
  4.09718988e-01 -3.23753741e+03  2.66538290e+02  1.36563491e+04
 -1.40444182e+04 -8.90739638e+03]
[ 1.70393176e+02  5.89676469e-01 -8.07639562e-01  6.31100646e-01
 -7.75700957e-01  1.38618674e-02 -9.99903920e-01  2.72775816e-01
 -9.62077624e-01 -4.12613767e+02 -5.79323728e+02 -3.38726670e+02
 -5.17682723e+02  1.24346175e+02]
[-2.47004925e+03  8.23848125e-01  5.66810610e-01  5.41567482e-01
 -8.40657280e-01  9.44962556e-01 -3.27178496e-01  5.88835743e-01
 -8.08252725e-01 -1.54046903e+03  1.76509705e+03 -7.56201867e+02
  6.86188077e+03 -4.63421058e+02]
[-1.05677838  0.12367943  0.99232223  0.94027421  0.34041799  0.72756667
 -0.68603698  0.88613534  0.46342654 -0.61125912  1.99658738 -0.3104025
 -0.67471032 -1.61682345]
[-5.13502787e+02  3.31369329e-01 -9.43501122e-01  1.07347342e-01
 -9.94221579e-01  9.37494900e-01 -3.47999013e-01  9.90775807e-01
 -1.35511256e-01 -1.27584818e+03  6.24914038e+02  1.36357929e+03
  8.95112604e+02 -9.00700189e+02]
[-1.61496002  0.53293956 -0.84615331  0.7800961   0.62565971  0.99399232
  0.10944984  0.00244872  0.999997   -0.25674082  0.86829081  2.35374625
  1.82956129 -1.28226818]
[ 1.42473444  0.98587598 -0.167477    0.19408823 -0.98098408  0.98858734
  0.15064884  0.30332481 -0.95288722  2.98428136  1.82362222  0.79130311
  0.61350966  2.81302804]
[-4.71425556e+04  6.70130015e-01 -7.42243735e-01  6.32897212e-01
 -7.74235829e-01  2.49300959e-01  9.68426059e-01  9.71734378e-01
 -2.36076893e-01 -4.28754938e+04 -1.71403374e+04  1.06430174e+04
 -3.19794553e+04 -2.30489987e+04]
[-0.92677899  0.70284356 -0.71134445  0.96119854  0.2758575   0.99951265
  0.03121636  0.95205584 -0.3059243  -0.06271936 -0.23743598  0.58074946
 -0.49227973  0.0567485 ]
[ 2.48152535e+03  6.93424413e-01 -7.20529378e-01  3.88167268e-01
 -9.21588939e-01  6.37155655e-01 -7.70735150e-01  8.12075620e-01
 -5.83552215e-01  6.18447999e+02  7.50031445e+02  6.45041146e+02
 -1.31148384e+03  7.60437672e+01]
[ 2.48138095e+03  8.74932611e-01 -4.84244697e-01  3.45469332e-01
 -9.38430040e-01  6.61817545e-01 -7.49664950e-01  3.97301953e-01
  9.17687942e-01  8.02508298e+03 -1.04173629e+04  1.05620752e+04
  3.68573044e+03  6.76799152e+03]
[-1.17619230e+04  7.07644817e-01  7.06568336e-01  9.69745033e-01
  2.44119992e-01  8.73833230e-01  4.86225755e-01  7.99427323e-01
  6.00762811e-01  1.27917810e+04  4.00679003e+03  4.50347691e+03
 -2.15828998e+03  5.47972089e+03]
[-1.67389835e+03  2.82528761e-01  9.59258828e-01  8.11052779e-01
  5.84972982e-01  5.12342481e-01 -8.58781219e-01  9.86229972e-01
  1.65379692e-01  2.22395669e+03  2.32048225e+03  2.58806493e+03
 -2.35430314e+03  1.17027523e+02]

[ 1.98587405e+03  9.92364745e-01 -1.23337802e-01 -9.49628492e-01
 -3.13377930e-01 -8.71186812e-01 -4.90951665e-01  9.96615679e-01
 -8.22021181e-02  4.12444843e+03  1.81087985e+03  2.35807801e+03
  5.95042146e+03  1.08079927e+03]
[-7.72783214e+03 -5.17992159e-01 -8.55385366e-01 -2.33790168e-03
  9.99997267e-01  1.25218693e-01  9.92129164e-01  4.26262600e-01
 -9.04599467e-01  1.23102926e+04  5.81099638e+03  6.81716291e+03
  7.21116009e+02  9.04416131e+03]
[  0.71587964   0.99660403   0.08234321  -0.0953395   -0.99544481
   0.2023671    0.97930973  -0.76053969  -0.64929144  -0.22854139
   8.68045594 -14.80289555   1.597724    -0.44809777]
[-1.03702707  0.85739523  0.51465854  0.743678    0.66853798 -0.01754992
 -0.99984599  0.37873133  0.92550666 -0.90220916  3.09419977  0.26674031
  1.35194274 -2.22503074]
[-2.8383285   0.02904653  0.99957806  0.93569916  0.35279893  0.60671115
  0.79492238 -0.21942884  1.41840097  1.91005281 -3.46228553]
